[[[-0.02884423  0.02320086  0.06543402  0.07348286  0.01218082]
  [-0.12522185 -0.04208919  0.03979584  0.03125911  0.09924997]
  [-0.13137776 -0.01349934  0.09941501  0.1054704   0.10676557]
  [-0.15849911 -0.12538271  0.17143661 -0.0492812   0.19185162]
  [-0.18857917 -0.12520021  0.01684425 -0.10147097  0.25114438]
  [-0.19350246 -0.12810941 -0.08188491 -0.1615499   0.29162869]]

 [[-0.03911971 -0.0479853  -0.09495818 -0.07347193  0.0891628 ]
  [-0.06277931 -0.07988804 -0.17622025 -0.13909721  0.15569495]
  [-0.0734136  -0.1002033  -0.24004997 -0.19435346  0.20311388]
  [-0.07417475 -0.11237828 -0.28710544 -0.23872586  0.23606692]
  [-0.06828819 -0.11892752 -0.32032984 -0.2731556   0.25866285]
  [-0.05854579 -0.12163722 -0.34318814 -0.29928917  0.27402779]]

 [[-0.08836477 -0.05548027 -0.034661   -0.03080953  0.08639364]
  [-0.08933576 -0.10408342 -0.11523912 -0.09930479  0.16197915]
  [-0.10182997 -0.1194704  -0.19169207 -0.16257499  0.21104775]
  [-0.10539247 -0.04433121 -0.09081727 -0.10775807  0.1847513 ]
  [-0.16927207 -0.08171133 -0.12423734 -0.12419205  0.21186176]
  [-0.1313765  -0.12824258 -0.17103331 -0.16893941  0.25998122]]]
